1
1
1
1
1
1
1
1
1
1
1
1
1
1
1
3
2
1
1
1
2
1
1
1
1
1
1
1
1
2
1
1
1
1
2
1
1
1
2
1
1
1
1
1
1
1
1
1
1
1
1
1
1
1
1
1
1
1
1
1
1
1
1
1
1
1
2
1
1
1
1
1
1
1
1
1
1
1
1
1
1
1
1
1
1
1
1
1
1
1
1
2
1
1
2
1
2
1
1
1
1
1
1
3
1
1
2
1
1
1
1
1
1
2
1
1
2
2
1
1
1
1
1
1
1
1
2
2
1
1
1
3
1
1
2
1
1
2
1
1
3
1
1
4
1
2
2
1
2
4
1
1
2
1
1
2
1
1
1
1
2
3
1
1
4
2
1
4
1
2
1
1
1
2
1
1
2
3
1
1
1
5
2
5
1
1
1
1
2
1
1
1
1
1
1
3
1
1
1
1
1
1
1
3
1
4
2
1
4
1
1
1
1
3
1
1
1
1
1
1
1
1
1
1
2
1
1
1
4
2
1
2
1
2
5
1
2
7
1
3
1
2
1
1
1
1
3
2
1
1
3
1
1
1
1
1
1
3
1
2
3
1
1
1
2
1
1
10
1
1
1
1
1
1
4
2
1
3
1
7
1
1
1
1
1
2
4
1
1
1
1
1
1
1
1
7
2
1
1
7
5
1
10
3
1
1
3
1
1
2
2
1
2
1
1
2
1
1
1
1
9
2
1
1
1
1
4
4
6
1
2
8
1
2
1
1
1
5
2
1
1
1
7
7
1
1
4
3
1
3
9
3
1
4
2
9
6
1
2
9
5
5
6
1
1
1
2
7
3
1
5
5
1
6
1
1
1
3
8
10
1
1
2
5
1
1
2
2
1
3
1
2
1
1
6
11
1
4
1
6
1
14
1
1
3
2
8
4
2
2
1
7
8
1
1
2
5
15
7
2
1
14
5
1
1
1
15
1
1
1
4
1
1
5
1
3
1
1
1
3
4
4
10
15
5
2
1
2
9
2
5
1
2
7
4
1
2
11
1
4
2
1
2
4
1
2
15
3
14
1
16
1
11
4
4
1
12
1
1
5
1
2
11
17
2
4
7
1
3
5
1
45
1
10
6
1
1
8
4
16
47
10
24
10
12
47
1
1
1
3
7
1
1
1
22
4
1
1
4
10
14
7
1
7
10
8
1
10
6
1
1
12
18
3
7
1
7
14
63
7
10
11
63
10
2
4
1
5
4
1
10
9
10
2
3
1
63
2
2
1
1
53
12
12
2
76
10
2
6
1
1
78
1
1
1
1
8
11
78
78
12
1
90
90
4
12
8
2
4
1
3
1
6
41
19
1
1
16
94
151
151
151
100
13
100
100
6
103
1
1
4
1
1
170
5
170
170
3
3
149
1
320
1
1
1
320
1
11
1
341
372
3
375
2
10
1
1
1
396
13
10
418
418
12
418
14
439
3
439
2
439
10
439
446
11
1
447
447
13
4
1
483
6
498
509
2
509
509
510
5
1
510
510
512
1
524
4
525
527
1
1
1
2
10
1
1
538
1
538
1
1
538
538
544
544
2
6
1
544
555
555
13
1
13
557
557
557
558
1
1
591
1
592
594
3
595
595
595
595
595
601
1
604
604
604
604
604
606
614
1
614
1
1
628
629
1
630
2
630
631
631
644
645
1
647
647
3
660
1
660
660
660
660
1
660
660
662
2
1
667
669
2
669
669
669
1
670
674
1
674
674
674
1
674
674
674
674
1
1
1
674
1
674
674
674
2
674
677
678
678
678
1
683
1
1
689
689
1
689
689
690
690
690
1
695
695
695
695
1
696
1
696
697
697
697
3
1
5
697
697
6
697
697
698
698
698
698
698
698
2
698
698
698
698
1
701
1
702
1
703
704
704
1
706
708
708
708
708
1
708
2
708
708
709
709
6
709
709
710
1
1
715
716
716
716
716
716
716
716
1
3
1
717
1
717
717
2
719
719
719
719
720
720
720
1
721
721
721
721
721
721
10
723
723
730
730
731
1
731
1
731
731
731
1
1
732
732
732
742
1
742
2
742
1
743
6
744
744
744
1
746
746
746
746
748
748
748
749
749
1
750
750
750
751
751
751
3
1
752
754
754
754
1
754
754
754
754
754
1
754
754
754
755
1
758
1
1
760
6
760
760
3
761
1
1
762
1
1
763
763
1
763
763
763
763
6
764
764
764
4
766
1
1
767
767
767
767
1
767
1
769
769
770
1
770
772
772
1
2
772
772
772
2
773
773
773
773
1
776
776
776
1
778
779
779
779
779
783
784
787
787
787
787
788
789
789
789
791
791
791
791
793
793
793
793
795
795
1
1
2
797
797
798
798
798
798
801
802
802
802
803
805
805
807
808
808
1
808
808
808
1
812
1
812
812
812
812
820
823
823
823
823
1
823
2
823
824
1
825
825
825
1
825
825
825
827
827
827
827
827
827
827
827
827
827
827
830
831
831
831
831
831
831
3
831
831
831
833
1
833
1
833
833
833
833
834
834
834
834
835
835
835
836
836
837
837
837
837
1
837
1
839
839
839
839
839
840
840
840
841
841
841
842
1
843
843
845
845
1
2
845
845
845
1
1
846
846
849
849
849
849
849
849
849
849
2
2
1
849
849
1
849
849
849
849
849
849
849
849
850
850
851
853
853
854
854
854
854
3
854
854
854
1
854
854
854
854
854
854
854
855
855
855
855
855
855
855
855
855
855
856
856
856
1
857
857
857
1
858
860
860
860
860
1
861
861
862
862
862
862
862
863
863
865
865
865
865
865
865
867
867
867
1
867
867
867
867
867
867
867
867
867
867
868
868
868
871
2
872
873
873
873
873
873
873
873
873
873
3
873
873
2
1
873
1
876
876
876
876
876
1
876
876
876
876
876
877
877
877
877
877
877
877
877
877
877
877
877
877
1
877
877
877
877
877
877
877
880
881
881
881
881
881
881
882
883
883
883
883
883
883
884
884
884
884
884
884
884
887
887
887
887
887
887
887
887
887
887
1
887
887
887
887
887
887
887
887
887
887
1
887
887
887
887
887
887
887
891
891
892
892
892
892
892
892
892
895
895
895
895
895
895
895
895
7
896
896
896
1
900
900
900
900
900
900
900
901
901
901
904
904
907
907
907
907
907
908
908
908
908
908
908
908
2
908
908
908
908
908
908
908
908
908
908
908
908
908
908
908
908
908
915
915
915
915
915
1
915
1
915
915
915
915
915
1
915
918
918
2
918
918
918
1
918
918
918
918
918
918
918
918
918
918
918
918
918
918
920
920
920
920
920
920
920
920
921
921
921
921
921
921
923
926
926
926
926
926
926
926
926
926
926
926
926
926
926
926
926
926
928
928
928
928
928
929
929
929
929
929
929
929
929
929
929
929
929
929
929
929
929
929
929
929
929
929
929
929
932
932
932
1
932
932
932
932
932
932
932
932
932
932
932
932
932
932
932
932
933
933
933
933
933
933
933
933
933
933
934
934
934
934
934
934
934
934
936
936
936
936
936
936
936
936
936
937
937
937
937
937
937
937
937
937
937
937
937
937
937
937
937
1
937
938
938
938
938
938
938
938
938
939
939
1
940
940
940
940
940
940
1
940
940
940
940
940
940
940
940
941
1
941
941
941
941
941
941
941
941
941
941
942
942
942
1
942
942
942
942
942
942
942
942
942
942
942
942
1
942
942
942
942
942
942
942
942
942
943
943
943
943
943
944
944
944
945
945
1
945
945
945
945
945
945
945
945
945
945
945
945
945
945
945
1
1
945
946
946
946
946
946
946
946
946
948
948
948
948
948
948
948
948
948
948
948
948
1
949
949
949
949
949
949
949
1
949
949
1
949
949
949
949
949
949
949
949
949
949
949
949
950
950
952
952
952
953
953
953
953
953
953
953
953
953
953
953
953
953
953
953
953
953
953
953
1
954
954
954
954
954
954
954
954
954
954
955
956
956
956
1
956
956
956
956
956
956
956
956
956
956
956
956
956
956
956
956
956
956
956
956
956
956
956
956
957
957
957
957
957
957
957
957
957
957
958
958
958
1
958
958
958
958
958
958
958
958
958
958
959
959
959
959
960
960
960
960
961
962
962
963
963
963
963
963
963
963
963
963
963
963
963
963
963
963
963
963
1
963
963
963
963
963
963
963
963
963
963
963
963
963
964
964
1
966
966
966
966
966
966
966
966
966
966
966
966
966
966
966
966
966
966
966
966
966
966
966
966
966
966
966
966
966
966
966
966
966
966
966
966
966
966
966
966
966
966
966
966
966
966
966
966
966
967
967
1
969
1
969
969
969
969
969
969
969
969
969
969
969
970
970
970
970
970
970
970
970
970
1
970
970
970
970
970
970
970
970
970
970
970
970
970
971
971
971
971
971
971
971
1
971
971
971
971
971
971
971
971
1
971
971
971
971
971
971
971
971
971
971
1
971
971
971
971
971
971
972
972
972
972
972
972
972
972
972
972
972
972
972
972
972
972
972
972
972
972
972
972
972
972
972
972
972
972
973
973
973
973
973
973
973
973
973
973
973
973
973
973
973
973
973
974
974
974
974
974
974
974
974
974
974
974
974
974
974
974
974
974
974
974
974
974
974
974
974
974
974
974
974
974
974
974
974
974
974
974
974
974
974
975
975
975
975
975
976
976
976
976
976
976
976
977
979
979
979
979
979
979
979
979
979
979
1
979
979
979
979
979
2
979
979
979
979
979
979
979
979
979
979
979
979
979
979
979
979
979
979
979
979
979
979
979
979
979
979
979
979
979
979
979
979
979
979
979
979
979
979
979
979
979
979
979
979
979
979
979
979
979
979
979
979
979
979
979
979
979
979
979
979
979
979
979
979
979
979
979
2
979
979
979
979
979
979
980
980
980
980
980
980
981
981
981
981
981
981
981
981
981
981
981
981
981
981
981
1
981
981
981
981
981
981
981
981
1
981
982
982
982
982
982
982
982
982
984
984
984
984
984
984
984
984
984
984
984
984
984
984
984
984
984
984
984
984
984
986
986
986
986
986
986
986
986
986
986
986
986
986
986
986
986
986
986
986
986
986
986
986
986
986
986
986
986
986
986
986
986
986
986
986
986
986
986
986
986
986
986
986
986
986
986
986
986
986
986
986
986
986
986
986
986
986
986
986
986
986
986
986
986
986
986
986
986
986
986
986
986
986
986
986
986
986
986
986
986
986
986
986
986
986
986
986
986
986
986
986
986
986
986
986
986
986
986
986
986
986
986
986
986
986
986
986
986
986
986
986
986
986
986
986
986
986
986
986
986
986
986
986
986
986
986
986
986
986
986
986
986
986
986
986
986
986
986
986
986
987
987
987
987
987
987
987
987
987
987
987
987
987
987
987
987
987
987
987
989
990
990
990
990
990
990
990
990
990
990
990
990
990
992
992
992
992
992
992
992
992
992
992
992
992
992
992
992
992
992
992
992
992
992
992
992
992
992
992
992
992
992
993
993
993
993
993
993
994
994
994
994
994
994
994
994
994
994
994
994
994
994
994
994
994
994
994
994
994
994
994
994
994
994
994
994
994
994
994
994
994
994

